REGS00-1F: 90 b1 4a 05 80 8d 09 00 00 00 00 00 00 00 01 00 03 80 14 7f 19 16 00 00 00 00 00 00 00 00 08 a9
REGS20-3F: 05 00 d8 7c 24 24 24 24 24 24 24 24 24 24 24 24 24 24 24 0d 24 24 24 24 24 24 24 24 24 24 24 24
REGS00-1F: 90 ad 67 05 80 0d de 00 00 00 00 00 00 00 01 00 03 80 14 7f 19 16 00 00 00 00 00 00 00 00 08 a9
REGS20-3F: 05 00 d8 7c 24 24 24 24 24 24 24 24 24 24 24 24 24 24 24 0d 24 24 24 24 24 24 24 24 24 24 24 24
REGS00-1F: 90 ed 39 05 80 f5 e6 00 00 00 00 00 00 00 01 00 03 80 14 7f 19 16 00 00 00 00 00 00 00 00 08 a9
REGS20-3F: 05 00 d8 7c 24 24 24 24 24 24 24 24 24 24 24 24 24 24 24 0d 24 24 24 24 24 24 24 24 24 24 24 24
REGS00-1F: 90 65 3b 05 80 99 19 00 00 00 00 00 00 00 01 00 03 80 14 7f 19 16 00 00 00 00 00 00 00 00 08 a9
REGS20-3F: 05 00 d8 7c 24 24 24 24 24 24 24 24 24 24 24 24 24 24 24 0d 24 24 24 24 24 24 24 24 24 24 24 24
REGS00-1F: 90 21 3e 05 80 e1 1f 00 00 00 00 00 00 00 01 00 03 80 14 7f 19 16 00 00 00 00 00 00 00 00 08 a9
REGS20-3F: 05 00 d8 7c 24 24 24 24 24 24 24 24 24 24 24 24 24 24 24 0d 24 24 24 24 24 24 24 24 24 24 24 24
REGS00-1F: 90 8d 3b 05 80 29 20 00 00 00 00 00 00 00 01 00 03 80 14 7f 19 16 00 00 00 00 00 00 00 00 08 a9
REGS20-3F: 05 00 d8 7c 24 24 24 24 24 24 24 24 24 24 24 24 24 24 24 0d 24 24 24 24 24 24 24 24 24 24 24 24
REGS00-1F: 90 f9 3e 05 80 0d 20 00 00 00 00 00 00 00 01 00 03 80 14 7f 19 16 00 00 00 00 00 00 00 00 08 a9
REGS20-3F: 05 00 d8 7c 24 24 24 24 24 24 24 24 24 24 24 24 24 24 24 0d 24 24 24 24 24 24 24 24 24 24 24 24
REGS00-1F: 90 39 3c 05 80 e1 1f 00 00 00 00 00 00 00 01 00 03 80 14 7f 19 16 00 00 00 00 00 00 00 00 08 a9
REGS20-3F: 05 00 d8 7c 24 24 24 24 24 24 24 24 24 24 24 24 24 24 24 0d 24 24 24 24 24 24 24 24 24 24 24 24
REGS00-1F: 90 a5 3c 05 80 ad 1f 00 00 00 00 00 00 00 01 00 03 80 14 7f 19 16 00 00 00 00 00 00 00 00 08 a9
REGS20-3F: 05 00 d8 7c 24 24 24 24 24 24 24 24 24 24 24 24 24 24 24 0d 24 24 24 24 24 24 24 24 24 24 24 24
REGS00-1F: 90 85 3c 05 80 15 20 00 00 00 00 00 00 00 01 00 03 80 14 7f 19 16 00 00 00 00 00 00 00 00 08 a9
REGS20-3F: 05 00 d8 7c 24 24 24 24 24 24 24 24 24 24 24 24 24 24 24 0d 24 24 24 24 24 24 24 24 24 24 24 24
REGS00-1F: 90 81 3e 05 80 d5 20 00 00 00 00 00 00 00 01 00 03 80 14 7f 19 16 00 00 00 00 00 00 00 00 08 a9
REGS20-3F: 05 00 d8 7c 24 24 24 24 24 24 24 24 24 24 24 24 24 24 24 0d 24 24 24 24 24 24 24 24 24 24 24 24
REGS00-1F: 90 bd 3b 05 80 55 1f 00 00 00 00 00 00 00 01 00 03 80 14 7f 19 16 00 00 00 00 00 00 00 00 08 a9
REGS20-3F: 05 00 d8 7c 24 24 24 24 24 24 24 24 24 24 24 24 24 24 24 0d 24 24 24 24 24 24 24 24 24 24 24 24
REGS00-1F: 90 01 3d 05 80 a5 20 00 00 00 00 00 00 00 01 00 03 80 14 7f 19 16 00 00 00 00 00 00 00 00 08 a9
REGS20-3F: 05 00 d8 7c 24 24 24 24 24 24 24 24 24 24 24 24 24 24 24 0d 24 24 24 24 24 24 24 24 24 24 24 24