鏈€杩?40 鏉★紙16:56:49 ~ 16:59:53锛?

  鏃堕棿       娓╁害    ax       ay       az       |a|
  ----------------------------------------------------
  16:56:49   54.3  -0.5249  +0.4153  -0.2840   0.7271
  16:56:50   50.3  -0.9517  +0.2297  -0.3825   1.0511
  16:56:55   50.3  -0.5483  -0.3728  -0.7777   1.0220
  16:56:58   48.3  -0.4038  -0.3210  -0.8494   0.9938
  16:57:00   51.3  -0.3696  +0.5784  +0.3767   0.7830
  16:57:04   51.3  -0.6323  -0.5701  -0.3493   0.9202
  16:57:13   50.3  -0.2319  -0.6736  -0.8837   1.1351
  16:57:17   50.3  +0.0054  -0.1423  -0.9993   1.0094
  16:57:20   50.3  -0.0054  -0.1472  -0.9833   0.9943
  16:57:21   48.3  +0.0015  -0.1482  -1.0015   1.0124
  16:57:23   50.3  +0.0054  -0.1453  -0.9865   0.9972
  16:57:24   48.3  +0.0034  -0.1355  -0.9929   1.0021
  16:57:29   50.3  -0.0073  -0.1453  -0.9993   1.0098
  16:57:30   48.3  +0.0034  -0.1404  -0.9993   1.0091
  16:57:32   47.3  -0.0083  -0.1453  -1.0036   1.0141
  16:57:33   47.3  -0.0034  -0.1443  -0.9950   1.0054
  16:57:36   49.3  -0.0034  -0.1375  -0.9950   1.0045
  16:57:40   47.3  +0.0054  -0.1375  -1.0015   1.0109
  16:57:47   49.3  -0.0073  -0.1375  -0.9972   1.0067
  16:57:49   49.3  -0.0073  -0.1404  -0.9790   0.9890
  16:57:50   47.3  -0.1636  +0.1223  -0.9833   1.0043
  16:57:52   50.3  -0.1567  -0.3865  -0.9244   1.0141
  16:58:04   49.3  -0.1499  -0.7761  -0.5828   0.9821
  16:58:10   49.3  -0.1313  -0.4880  +0.7803   0.9297
  16:58:18   47.3  +0.1577  -0.7761  -0.7091   1.0630
  16:58:39   49.3  -0.0083  -0.2156  -0.9833   1.0067
  16:58:57   49.3  +0.0054  -0.1921  -0.9811   0.9997
  16:59:01   48.3  -0.0083  -0.2107  -0.9875   1.0098
  16:59:03   47.3  +0.0015  -0.1853  -0.9950   1.0121
  16:59:06   49.3  +0.0034  -0.1814  -0.9833   0.9999
  16:59:09   46.3  -0.0044  -0.1814  -0.9875   1.0040
  16:59:13   48.3  -0.0083  -0.1853  -0.9908   1.0080
  16:59:17   48.3  +0.0054  -0.1882  -0.9779   0.9959
  16:59:26   49.3  -0.0044  -0.1824  -0.9790   0.9959
  16:59:33   49.3  +0.0054  -0.1892  -0.9908   1.0087
  16:59:35   49.3  +0.0015  -0.1931  -0.9897   1.0084
  16:59:38   49.3  +0.0034  -0.1804  -0.9950   1.0112
  16:59:42   49.3  -0.0034  -0.1814  -0.9908   1.0073
  16:59:48   46.3  +0.0015  -0.1892  -0.9886   1.0065
  16:59:53   49.3  -0.0083  -0.1941  -0.9790   0.9981

缁熻
  娓╁害: 骞冲潎 49.100掳C  鑼冨洿 46.300~54.300锛堟尝鍔?8.000锛? 鏍囧噯宸?1.4866
  妯￠暱: 骞冲潎 0.994 g  鑼冨洿 0.727~1.135锛堟尝鍔?0.408锛? 鏍囧噯宸?0.0631

璇婃柇
  娓╁害锛氬墠鍚庡崐娈靛潎鍊煎樊 -1.00掳C 鈥斺€?鍦ㄦ寔缁笅闄?
  妯￠暱锛氬潎鍊?0.994 g锛屽亸绂?1.0 绾?0.6% 鈥斺€?姝ｅ父锛堥潤姝級
